0.501152	1177.591241
0.551843	1327.372263
0.690092	1454.963504
0.980415	1549.270073
1.266129	1454.963504
1.395161	1205.328467
1.404378	966.788321
1.302995	689.416058
1.081797	572.919708
0.819124	556.277372
0.630184	650.583942
0.547235	800.364964
0.510369	950.145985
0.505760	1066.642336
1.344470	1427.226277
1.395161	1488.248175
1.432028	1665.766423
1.514977	1798.905109
1.717742	1821.094891
1.860599	1704.598540
1.883641	1477.153285
1.750000	1377.299270
1.547235	1382.846715
1.445853	1371.751825
1.385945	1260.802920
0.943548	467.518248
1.054147	395.401460
1.072581	217.883212
0.888249	134.671533
0.648618	190.145985
0.620968	395.401460
0.740783	500.802920
0.662442	1554.817518
0.657834	1815.547445
0.501152	1887.664234
0.233871	1887.664234
0.086406	1732.335766
0.077189	1504.890511
0.072581	1149.854015
0.095622	900.218978
0.233871	988.978102
0.266129	1260.802920
0.349078	1427.226277
0.491935	1460.510949
1.316820	1194.233577
1.376728	1216.423358
1.436636	1172.043796
1.436636	1050.000000
1.399770	955.693431
1.293779	977.883212
1.275346	1038.905109
1.275346	1088.832117
1.275346	1133.211679
1.330645	1133.211679
1.367512	1133.211679
1.385945	1055.547445
1.349078	1044.452555
1.330645	1077.737226
1.441244	1094.379562
1.450461	988.978102
1.339862	977.883212
1.339862	905.766423
1.450461	905.766423
1.505760	1000.072993
1.487327	1105.474453
1.468894	1177.591241
0.726959	1266.350365
0.786866	1310.729927
0.842166	1205.328467
0.823733	1144.306569
0.703917	1127.664234
0.750000	1061.094891
0.855991	1088.832117
0.888249	1172.043796
0.879032	1260.802920
0.800691	1233.065693
0.745392	1188.686131
0.699309	1177.591241
0.699309	1221.970803
0.745392	1405.036496
0.602535	1249.708029
0.579493	922.408759
0.699309	689.416058
0.902074	650.583942
1.141705	694.963504
1.256912	750.437956
1.173963	939.051095
1.183180	1133.211679
1.270737	1282.992701
1.183180	1393.941606
1.077189	1405.036496
0.915899	1432.773723
1.026498	1271.897810
1.072581	1122.116788
1.067972	861.386861
0.920507	739.343066
0.745392	722.700730
0.777650	939.051095
1.008065	988.978102
0.865207	828.102190
0.796083	473.065693
0.726959	284.452555
0.994240	223.430657
1.095622	400.948905
1.164747	556.277372
0.676267	400.948905
0.644009	545.182482
1.487327	1571.459854
1.551843	1704.598540
1.731567	1776.715328
1.865207	1632.481752
1.925115	1438.321168
1.805300	1321.824818
1.620968	1332.919708
1.565668	1499.343066
1.657834	1615.839416
1.703917	1493.795620
1.602535	1466.058394
1.777650	1410.583942
1.750000	1621.386861
1.445853	1510.437956
1.358295	1405.036496
0.588710	1316.277372
0.487327	1471.605839
0.538018	1593.649635
0.441244	1810.000000
0.229263	1837.737226
0.086406	1499.343066
0.178571	1238.613139
0.339862	1227.518248
0.399770	1416.131387
0.381336	1632.481752
0.302995	1710.145985
0.146313	1660.218978
0.335253	1549.270073
0.224654	1338.467153
0.312212	1344.014599
0.187788	1399.489051
1.302995	1144.306569
1.385945	1205.328467
1.519585	1055.547445
1.464286	800.364964
1.224654	866.934307
1.233871	1055.547445
1.256912	1083.284672
1.372120	1016.715328
1.289171	939.051095
1.330645	761.532847
1.404378	833.649635
1.335253	850.291971
1.399770	916.861314
1.330645	933.503650
1.436636	955.693431
1.436636	855.839416
1.473502	972.335766
1.399770	1038.905109
1.385945	1127.664234
1.298387	1083.284672
1.256912	1083.284672
1.293779	983.430657
1.160138	916.861314
1.220046	783.722628
1.349078	672.773723
1.270737	850.291971
1.183180	894.671533
1.233871	966.788321
1.238479	900.218978
1.344470	911.313869
0.745392	1177.591241
0.805300	1255.255474
0.819124	1249.708029
0.846774	1194.233577
0.832949	1094.379562
0.823733	1083.284672
0.750000	1094.379562
0.736175	1099.927007
0.713134	1133.211679
0.713134	1160.948905
0.676267	1155.401460
0.690092	1238.613139
0.754608	1282.992701
0.860599	1255.255474
0.768433	1194.233577
0.768433	1111.021898
0.685484	1061.094891
0.832949	1055.547445
0.879032	1155.401460
0.915899	1227.518248
0.855991	1282.992701
0.800691	1294.087591
0.800691	1210.875912
0.837558	1160.948905
0.796083	1127.664234
0.773041	1027.810219
0.736175	1044.452555
0.722350	1111.021898
0.722350	1172.043796
0.736175	1233.065693
0.874424	1099.927007
0.911290	1172.043796
1.201613	994.525547
1.238479	1061.094891
1.298387	1099.927007
1.284562	1155.401460
1.321429	1149.854015
1.358295	1144.306569
1.376728	1116.569343
1.330645	1077.737226
1.229263	1005.620438
1.220046	866.934307
1.298387	800.364964
1.408986	839.197080
1.482719	955.693431
1.478111	1066.642336
1.413594	972.335766
1.335253	927.956204
1.367512	1022.262774
1.266129	1005.620438
1.256912	916.861314
1.464286	1665.766423
1.514977	1726.788321
1.616359	1815.547445
1.754608	1859.927007
1.874424	1904.306569
1.883641	1876.569343
1.897465	1693.503650
1.961982	1787.810219
1.879032	1776.715328
1.782258	1743.430657
1.699309	1743.430657
1.556452	1626.934307
1.510369	1466.058394
1.593318	1377.299270
1.740783	1310.729927
1.855991	1410.583942
1.883641	1549.270073
1.828341	1588.102190
1.786866	1654.671533
1.713134	1643.576642
1.699309	1621.386861
1.616359	1577.007299
1.616359	1510.437956
1.708525	1443.868613
1.750000	1527.080292
1.685484	1554.817518
1.644009	1687.956204
1.307604	1260.802920
1.238479	1349.562044
1.081797	1482.700730
0.865207	1482.700730
0.703917	1432.773723
0.528802	1255.255474
0.464286	1038.905109
0.482719	772.627737
0.533410	584.014599
0.662442	362.116788
0.874424	306.642336
1.077189	351.021898
1.243088	500.802920
1.284562	572.919708
1.395161	728.248175
1.551843	755.985401
1.565668	811.459854
1.593318	988.978102
1.547235	1144.306569
1.450461	1155.401460
1.482719	817.007299
1.468894	683.868613
1.385945	606.204380
1.067972	251.167883
0.915899	206.788321
0.708525	184.598540
0.892857	461.970803
1.063364	511.897810
1.192396	639.489051
1.063364	817.007299
1.173963	1044.452555
1.178571	1138.759124
1.210829	1277.445255
1.100230	1338.467153
0.971198	1349.562044
1.040323	1233.065693
1.137097	1199.781022
1.104839	1099.927007
1.040323	927.956204
0.874424	750.437956
1.035714	728.248175
0.938940	645.036496
0.938940	805.912409
0.938940	944.598540
0.971198	1061.094891
0.750000	883.576642
0.625576	961.240876
0.607143	1077.737226
0.579493	828.102190
0.671659	817.007299
0.611751	728.248175
0.657834	595.109489
0.602535	528.540146
0.717742	473.065693
0.786866	561.824818
0.713134	645.036496
0.777650	783.722628
0.809908	694.963504
0.883641	545.182482
0.971198	545.182482
0.957373	373.211679
0.832949	328.832117
0.763825	290.000000
0.773041	406.496350
0.561060	1654.671533
0.464286	1821.094891
0.293779	1898.759124
0.201613	1826.642336
0.224654	1687.956204
0.270737	1632.481752
0.362903	1532.627737
0.445853	1477.153285
0.528802	1482.700730
0.510369	1582.554745
0.487327	1704.598540
0.436636	1726.788321
0.390553	1832.189781
0.298387	1815.547445
0.270737	1721.240876
0.372120	1710.145985
0.307604	1632.481752
0.372120	1632.481752
0.408986	1543.722628
0.450461	1577.007299
0.436636	1654.671533
0.432028	1371.751825
0.399770	950.145985
0.339862	1094.379562
0.349078	1166.496350
0.367512	1227.518248
0.358295	1027.810219
0.358295	1305.182482
0.367512	1366.204380
0.252304	1493.795620
0.169355	1449.416058
0.058756	1532.627737
0.058756	1721.240876
0.127880	1832.189781
0.123272	1710.145985
1.510369	1599.197080
1.533410	1732.335766
1.620968	1726.788321
1.588710	1588.102190
1.561060	1471.605839
1.671659	1377.299270
1.865207	1438.321168
1.892857	1704.598540
1.855991	1815.547445
1.786866	1859.927007
1.690092	1843.284672
1.607143	1826.642336
1.726959	1893.211679
1.777650	1732.335766
1.796083	1599.197080
1.777650	1421.678832
1.722350	1571.459854
1.722350	1710.145985
1.662442	1604.744526
1.657834	1477.153285
1.625576	1382.846715
1.496544	1432.773723
1.422811	1438.321168
1.335253	1377.299270
1.316820	1238.613139
1.381336	1210.875912
1.459677	1083.284672
1.381336	883.576642
1.289171	889.124088
1.330645	1005.620438
1.293779	1038.905109
1.224654	944.598540
1.192396	944.598540
1.210829	994.525547
1.243088	1066.642336
1.247696	1133.211679
1.298387	1127.664234
1.358295	1138.759124
1.358295	1005.620438
1.427419	977.883212
1.312212	878.029197
1.220046	800.364964
1.197005	894.671533
1.279954	828.102190
1.335253	783.722628
1.459677	878.029197
1.482719	955.693431
1.501152	1033.357664
1.528802	911.313869
1.436636	794.817518
1.376728	761.532847
0.869816	1133.211679
0.842166	1227.518248
0.750000	1305.182482
0.644009	1221.970803
0.657834	1050.000000
0.713134	983.430657
0.809908	1027.810219
0.800691	1105.474453
0.796083	1199.781022
0.768433	1205.328467
0.722350	1210.875912
0.685484	1172.043796
0.639401	1122.116788
0.639401	1172.043796
0.685484	1055.547445
0.736175	1038.905109
0.722350	1105.474453
0.694700	1116.569343
0.759217	1144.306569
0.814516	1149.854015
0.874424	1177.591241
0.837558	1271.897810
0.759217	1244.160584
0.685484	1249.708029
0.699309	1288.540146
0.800691	1294.087591
0.879032	1249.708029
0.888249	1077.737226
0.851382	1005.620438
0.782258	994.525547
0.763825	972.335766
0.510369	1543.722628
0.491935	1748.978102
0.381336	1821.094891
0.183180	1798.905109
0.091014	1643.576642
0.100230	1432.773723
0.178571	1299.635036
0.298387	1221.970803
0.344470	1061.094891
0.344470	1355.109489
0.404378	1560.364964
0.307604	1588.102190
0.376728	1682.408759
0.270737	1704.598540
0.385945	1721.240876
0.247696	1715.693431
0.279954	1776.715328
0.233871	1787.810219
0.270737	1848.832117
0.321429	1760.072993
0.362903	1721.240876
0.353687	1654.671533
0.432028	1649.124088
0.491935	1610.291971
0.455069	1549.270073
0.418203	1510.437956
0.556452	1521.532847
0.556452	1621.386861
0.491935	1676.861314
0.445853	1721.240876
0.445853	1760.072993
0.445853	1787.810219
0.445853	1826.642336
0.570276	1471.605839
0.588710	1327.372263
0.538018	1122.116788
0.570276	983.430657
0.667051	822.554745
0.809908	822.554745
0.957373	939.051095
0.961982	972.335766
0.985023	1138.759124
0.528802	1577.007299
0.510369	1704.598540
0.455069	1821.094891
0.293779	1848.832117
0.197005	1826.642336
0.302995	1643.576642
0.353687	1543.722628
0.441244	1499.343066
0.404378	1632.481752
0.307604	1760.072993
0.381336	1765.620438
0.344470	1682.408759
0.279954	1693.503650
0.201613	1671.313869
0.252304	1737.883212
0.169355	1732.335766
0.081797	1687.956204
0.160138	1649.124088
0.215438	1626.934307
0.256912	1626.934307
0.266129	1560.364964
0.326037	1565.912409
0.349078	1593.649635
0.382994	1574.738220
0.425158	1561.474695
0.458890	1631.108202
0.427969	1677.530541
0.397048	1680.846422
0.385805	1694.109948
0.357695	1723.952880
0.315531	1723.952880
0.363317	1783.638743
0.312720	1810.165794
0.256500	1786.954625
0.217147	1760.427574
0.346451	1836.692845
0.402670	1810.165794
0.433591	1770.375218
0.453268	1727.268761
0.486999	1677.530541
0.548840	1651.003490
0.664090	1289.572426
0.813071	1316.099476
0.877723	1170.200698
0.860857	1070.724258
0.751230	967.931937
0.680956	1001.090750
0.675334	1017.670157
0.664090	1077.356021
0.658468	1186.780105
0.695011	1216.623037
0.723120	1279.624782
0.787772	1272.993019
0.815882	1216.623037
0.818693	1150.305410
0.799016	1070.724258
0.796205	1030.933682
0.742797	1047.513089
0.742797	1017.670157
0.725931	1070.724258
0.703443	1140.357766
0.734364	1190.095986
0.748419	1216.623037
0.759663	1190.095986
0.734364	1123.778360
0.779339	1117.146597
0.756852	1074.040140
0.784961	1160.253054
0.782150	1229.886562
1.220661	1037.565445
1.271258	1123.778360
1.355587	1153.621291
1.442727	1146.989529
1.504568	1054.144852
1.538299	855.191972
1.504568	702.661431
1.411806	662.870855
1.271258	745.767888
1.206606	835.296684
1.198173	924.825480
1.257203	984.511344
1.293746	1060.776614
1.361209	1074.040140
1.378074	1017.670157
1.290935	951.352531
1.282502	828.664921
1.338721	775.610820
1.319044	712.609075
1.417428	712.609075
1.333099	712.609075
1.392129	735.820244
1.349965	735.820244
1.403373	788.874346
1.442727	719.240838
1.510190	768.979058
1.448349	768.979058
1.501757	831.980803
1.493324	904.930192
1.493324	981.195462
1.462403	1037.565445
1.425861	1074.040140
1.420239	1077.356021
1.392129	1103.883072
1.338721	1100.567190
1.321855	1074.040140
1.324666	1011.038394
1.358398	997.774869
1.397751	971.247818
1.442727	997.774869
1.459592	938.089005
1.428672	881.719023
1.451160	831.980803
1.408995	858.507853
1.358398	848.560209
1.333099	818.717277
1.313422	858.507853
1.274069	875.087260
1.240337	851.876091
1.223472	881.719023
1.178496	885.034904
1.226283	921.509599
1.217850	987.827225
1.257203	941.404887
1.324666	908.246073
1.285313	911.561955
1.344343	931.457243
1.349965	881.719023
1.383696	898.298429
1.380885	934.773124
1.406184	934.773124
1.420239	944.720768
1.417428	1037.565445
1.276880	1001.090750
1.245959	1057.460733
1.625439	1674.214660
1.566409	1760.427574
1.639494	1783.638743
1.541110	1657.635253
1.659171	1538.263525
1.583275	1528.315881
1.763176	1471.945899
1.718201	1614.528796
1.796908	1641.055846
1.729445	1720.636998
1.827829	1757.111693
1.729445	1796.902269
1.796908	1806.849913
1.681658	1806.849913
1.678848	1707.373473
1.650738	1627.792321
1.619817	1597.949389
1.574842	1617.844677
1.591708	1700.741710
1.805341	1548.211169
1.839072	1461.998255
1.861560	1574.738220
1.853127	1707.373473
1.886859	1830.061082
1.802530	1916.273997
1.855938	1790.270506
1.917779	1657.635253
1.847505	1631.108202
1.735067	1554.842932
1.636683	1461.998255
1.617006	1375.785340
1.518623	1418.891798
1.456781	1425.523560
1.420239	1425.523560
1.394940	1418.891798
1.369642	1412.260035
1.023893	1160.253054
0.858046	934.773124
0.709065	835.296684
0.917077	775.610820
0.956430	841.928447
1.071680	1070.724258
1.054814	977.879581
1.082923	798.821990
0.998595	722.556719
0.956430	669.502618
0.919888	593.237347
0.995784	556.762653
1.023893	414.179756
0.970485	274.912740
0.824315	258.333333
0.818693	261.649215
0.818693	407.547993
0.801827	526.919721
0.804638	609.816754
0.810260	705.977312
0.801827	772.294939
0.756852	762.347295
0.703443	692.713787
0.714687	639.659686
0.714687	579.973822
0.717498	447.338569
0.717498	377.705061
0.717498	274.912740
0.686578	271.596859
0.593816	364.441536
0.574139	430.759162
0.540408	566.710297
0.531975	679.450262
0.531975	802.137871
0.509487	1074.040140
0.503865	1233.202443
0.503865	1282.940663
0.509487	1369.153578
0.557273	1418.891798
0.678145	1481.893543
0.689389	1481.893543
0.832748	1475.261780
0.973296	1438.787086
1.060436	1389.048866
1.085734	1372.469459
1.260014	1263.045375
1.369642	1203.359511
1.541110	848.560209
1.476458	633.027923
1.321855	550.130890
1.240337	447.338569
1.156008	331.282723
1.040759	278.228621
0.852424	218.542757
1.144765	437.390925
1.220661	579.973822
1.108222	596.553229
1.108222	659.554974
1.147576	762.347295
1.133521	845.244328
1.080112	894.982548
1.113844	964.616056
1.141954	1103.883072
1.181307	1143.673647
1.125088	1200.043630
1.153197	1226.570681
1.021082	1229.886562
1.091356	1299.520070
0.970485	1329.363002
0.866479	1369.153578
0.748419	1372.469459
0.728742	1372.469459
0.610682	1369.153578
0.596627	1289.572426
0.543219	1074.040140
0.546030	1020.986038
0.568517	885.034904
0.588194	792.190227
0.593816	709.293194
0.593816	593.237347
0.599438	507.024433
0.621926	483.813264
0.697822	500.392670
0.635980	623.080279
0.644413	745.767888
0.644413	798.821990
0.644413	851.876091
0.655657	894.982548
0.731553	894.982548
0.838370	894.982548
0.838370	815.401396
0.846803	755.715532
0.852424	652.923211
0.852424	553.446771
0.886156	437.390925
0.860857	344.546248
0.894589	294.808028
0.905833	241.753927
0.905833	208.595113
0.990162	211.910995
1.077301	251.701571
1.080112	367.757417
0.967674	367.757417
0.953619	400.916230
0.950808	444.022688
1.032326	490.445026
1.133521	487.129145
1.172874	530.235602
1.032326	570.026178
1.021082	709.293194
0.973296	845.244328
0.995784	1004.406632
0.908644	1004.406632
0.908644	924.825480
1.001405	918.193717
0.959241	1107.198953
0.967674	1243.150087
0.917077	1286.256545
0.922699	1355.890052
0.796205	1398.996510
0.672523	1415.575916
0.526353	1515.052356
0.489810	1541.579407
0.461701	1611.212914
0.371750	1624.476440
0.267744	1601.265271
0.205903	1544.895288
0.270555	1498.472949
0.301476	1488.525305
0.340829	1488.525305
0.411103	1471.945899
0.433591	1435.471204
0.411103	1398.996510
0.385805	1395.680628
0.323963	1412.260035
0.262122	1481.893543
0.236824	1491.841187
0.174982	1491.841187
0.158117	1558.158813
0.829130	1093.447669
0.839218	1130.211082
0.806431	1197.053650
0.851828	1213.764292
0.788777	1126.868953
0.735813	1190.369393
0.763556	1170.316623
0.715637	1106.816183
0.788777	1066.710642
0.755990	1126.868953
0.705549	1153.605981
0.665195	1153.605981
0.695460	1213.764292
0.705549	1270.580475
0.763556	1267.238347
0.725725	1223.790677
0.788777	1227.132806
0.798865	1260.554090
0.798865	1300.659631
0.753468	1300.659631
0.700504	1293.975374
0.660151	1247.185576
0.647541	1220.448549
0.645019	1183.685136
0.629887	1083.421284
0.703026	1056.684257
0.657629	1080.079156
0.675284	1106.816183
0.632409	1110.158311
0.743380	1060.026385
0.753468	1083.421284
0.768600	1026.605101
0.720681	999.868074
0.680328	1013.236588
0.677806	1019.920844
0.781211	1013.236588
0.811475	1026.605101
0.849306	1066.710642
0.879571	1133.553210
0.866961	1163.632366
0.841740	1163.632366
0.811475	1163.632366
0.781211	1173.658751
0.836696	1240.501319
0.851828	1260.554090
1.202396	989.841689
1.267970	1066.710642
1.376419	1083.421284
1.391551	1083.421284
1.406683	993.183817
1.313367	983.157432
1.426860	896.262093
1.267970	856.156552
1.404161	772.603342
1.325977	772.603342
1.401639	789.313984
1.310845	795.998241
1.376419	802.682498
1.363808	775.945471
1.366330	749.208443
1.452081	719.129288
1.477301	782.629727
1.494956	859.498681
1.497478	872.867194
1.497478	939.709763
1.497478	946.394019
1.288146	1046.657872
1.310845	1093.447669
1.237705	1026.605101
1.305801	926.341249
1.391551	1033.289358
1.270492	979.815303
1.333544	989.841689
1.333544	1039.973615
1.288146	1006.552331
1.371375	906.288478
1.457125	943.051891
1.414250	993.183817
1.474779	1026.605101
1.404161	1093.447669
1.331021	1096.789798
1.331021	1163.632366
1.267970	1103.474055
1.222573	1056.684257
1.207440	963.104661
1.247793	916.314864
1.225095	859.498681
1.283102	856.156552
1.308323	765.919085
1.222573	789.313984
1.313367	792.656113
1.262926	792.656113
1.247793	822.735268
1.487390	809.366755
1.447037	802.682498
1.401639	775.945471
1.366330	809.366755
1.336066	832.761653
1.371375	856.156552
1.434426	886.235708
1.404161	829.419525
1.462169	832.761653
1.489912	889.577836
1.517654	939.709763
1.510088	1039.973615
1.462169	1103.474055
1.439470	1140.237467
1.409206	1146.921724
1.373897	1140.237467
0.872005	1166.974494
0.831652	1230.474934
0.758512	1283.948989
0.697982	1250.527704
0.682850	1227.132806
0.680328	1217.106420
0.680328	1153.605981
0.660151	1063.368514
0.695460	1036.631486
0.695460	993.183817
0.743380	989.841689
0.752523	1200.413415
0.736710	1200.413415
0.736710	1241.859334
0.778399	1236.885824
0.758273	1221.965293
0.818650	1215.333946
0.785587	1193.782068
0.784149	1216.991783
0.815775	1241.859334
0.788462	1245.175008
0.771211	1250.148518
0.752523	1263.411213
0.718022	1250.148518
0.703647	1226.938803
0.707959	1188.808557
0.689271	1160.625332
0.686396	1183.835047
0.669146	1195.439905
0.670583	1213.676109
0.669146	1235.227987
0.687834	1255.122029
0.651895	1198.755578
0.656208	1162.283169
0.673458	1149.020475
0.676333	1117.521576
0.653333	1107.574555
0.653333	1137.415617
0.636082	1134.099944
0.638957	1092.654024
0.651895	1084.364840
0.663395	1084.364840
0.690709	1105.916718
0.695021	1076.075656
0.680646	1087.680514
0.733835	1087.680514
0.705084	1087.680514
0.716585	1107.574555
0.705084	1117.521576
0.692146	1127.468596
0.716585	1140.731291
0.718022	1163.941006
0.739585	1163.941006
0.762586	1172.230190
0.791337	1172.230190
0.827276	1197.097741
0.818650	1187.150721
0.837339	1182.177210
0.845964	1150.678311
0.837339	1122.495086
0.837339	1112.548065
0.811463	1086.022677
0.815775	1110.890229
0.815775	1132.442107
0.811463	1135.757780
0.795650	1142.389128
0.775524	1142.389128
0.774086	1147.362638
0.752523	1145.704801
0.746773	1132.442107
0.735273	1107.574555
0.764024	1110.890229
0.743898	1104.258882
0.778399	1092.654024
0.785587	1104.258882
0.787024	1092.654024
0.781274	1069.444309
0.745336	1049.550268
0.755398	1066.128636
0.739585	1066.128636
0.700772	1052.865941
0.674896	1052.865941
0.653333	1052.865941
0.670583	1031.314063
0.700772	1039.603247
0.707959	1039.603247
0.720897	1051.208104
0.728085	1031.314063
0.703647	1024.682716
0.702209	1021.367042
0.720897	1013.077858
0.764024	1026.340553
0.774086	1036.287573
0.779837	1036.287573
0.798525	1047.892431
0.661709	1177.603943
0.678103	1172.862267
0.678103	1198.151204
0.693052	1196.570645
0.705589	1194.199808
0.704625	1212.376231
0.715715	1223.440141
0.715715	1236.874889
0.701731	1236.874889
0.708000	1252.680474
0.716198	1267.695780
0.725359	1255.051312
0.725359	1242.406843
0.738379	1256.631870
0.737415	1278.759690
0.751398	1251.099916
0.750434	1240.826285
0.743201	1232.923492
0.736932	1212.376231
0.726806	1202.892880
0.721984	1181.555339
0.707518	1164.959474
0.691605	1149.153889
0.680514	1127.816349
0.667495	1131.767745
0.661226	1139.670538
0.651582	1145.202493
0.643867	1152.315006
0.646760	1125.445511
0.658815	1118.332997
0.661709	1093.834340
0.647725	1094.624619
0.636634	1108.059367
0.673281	1092.253781
0.668942	1066.174565
0.681961	1067.755124
0.694981	1087.512105
0.685337	1096.995457
0.705107	1100.156574
0.718609	1124.655231
0.725359	1139.670538
0.725842	1160.217799
0.735003	1143.621934
0.729217	1114.381601
0.725359	1085.931547
0.713787	1053.530097
0.707036	1050.368980
0.708000	1070.916241
0.716198	1087.512105
0.698356	1066.964844
0.687748	1050.368980
0.687748	1030.611998
0.696427	1014.016133
0.711858	1019.548088
0.721020	1037.724511
0.731146	1048.788421
0.732110	1063.803727
0.742237	1078.819033
0.742237	1095.414898
0.742237	1114.381601
0.742237	1145.992772
0.746094	1171.281709
0.738861	1170.491429
0.747541	1187.877573
0.757185	1211.585952
0.770204	1243.197123
0.760560	1255.841591
0.782259	1251.890195
0.768758	1212.376231
0.759596	1168.120592
0.754292	1134.928862
0.752363	1097.785736
0.751398	1070.916241
0.742719	1031.402277
0.759596	1035.353673
0.778884	1051.949538
0.801548	1074.077358
0.812638	1092.253781
0.814085	1093.834340
0.821318	1111.220484
0.825176	1144.412213
0.825176	1184.716456
0.819389	1203.683159
0.808781	1209.215114
0.807334	1225.810979
0.800101	1231.342934
0.796726	1231.342934
0.795279	1219.488744
0.802994	1187.877573
0.803476	1185.506736
0.809263	1160.217799
0.807334	1113.591322
0.787564	1084.350988
0.778402	1073.287079
0.768758	1058.271772
0.765382	1055.110655
0.754292	1052.739817
0.764900	1068.545403
0.776473	1097.785736
0.790939	1108.059367
0.803959	1134.138583
0.821800	1159.427520
0.814567	1173.652547
0.796243	1158.637240
0.788528	1128.606628
0.767311	1113.591322
0.728735	1065.384286
0.715715	1065.384286
0.722948	1083.560709
0.741754	1115.171880
0.773580	1136.509421
0.789010	1168.910871
0.775991	1179.974781
0.783224	1209.215114
0.773098	1202.892880
0.757667	1167.330312
0.767311	1158.637240
0.753809	1139.670538
0.767793	1091.463502
0.759596	1083.560709
0.755738	1107.269087
0.748505	1116.752439
0.746094	1085.931547
0.748987	1055.110655
0.766829	1051.159259
0.789975	1070.916241
0.796726	1085.931547
0.800101	1095.414898
0.814567	1122.284394
0.817460	1140.460817
0.820836	1174.442826
0.815532	1198.151204
0.807816	1203.683159
0.807334	1178.394222
0.807334	1164.169195
0.806370	1148.363610
0.796726	1129.396907
0.788046	1107.269087
0.777920	1096.205177
0.780331	1121.494114
0.785635	1134.928862
0.794315	1149.153889
0.796243	1181.555339
0.783706	1189.458132
0.798172	1210.005393
0.781295	1228.181817
0.756703	1211.585952
0.744165	1179.184501
0.730664	1155.476123
0.714269	1132.558024
0.710893	1128.606628
0.695945	1093.044060
0.681961	1056.691214
0.683408	1110.430204
0.706553	1168.120592
0.740790	1217.117907
0.713304	1210.795672
0.672317	1168.910871
0.665084	1127.816349
0.661226	1070.916241
0.669424	1090.673223
0.651582	1106.478808
0.670388	1115.171880
0.681479	1134.928862
0.696909	1143.621934
0.685337	1168.910871
0.689676	1205.263718
0.658333	1174.442826
0.636634	1119.913556
0.678103	1213.956790
0.701731	1248.729078
0.709447	1234.504051
0.734521	1244.777681
0.726324	1258.212429
0.747059	1259.002708
0.753327	1251.099916
0.754774	1235.294330
0.767793	1234.504051
0.766829	1252.680474
0.783224	1252.680474
1.405356	912.709718
1.406974	955.462471
1.395647	1002.715514
1.361664	1019.591601
1.321208	1003.840587
1.292890	954.337399
1.304217	857.581168
1.356000	836.204791
1.400501	848.580588
1.423965	883.457834
1.425584	929.585805
1.424775	979.088993
1.395647	1031.967398
1.381083	1001.590442
1.385937	966.713196
1.360046	965.588123
1.366519	982.464210
1.344673	981.339138
1.344673	1000.465369
1.329300	964.463051
1.314736	970.088413
1.313926	928.460732
1.293699	911.584646
1.312308	892.458414
1.319590	859.831313
1.338200	859.831313
1.371373	869.956965
1.390792	886.833052
1.405356	875.582327
1.381083	916.084935
1.384319	938.586384
1.368946	936.336239
1.368946	901.458993
1.353573	889.083197
1.334963	889.083197
1.347100	907.084356
1.351955	911.584646
1.350336	936.336239
1.345482	958.837689
1.336582	941.961602
1.332536	904.834211
1.327681	922.835370
1.321208	945.336819
1.300172	937.461312
1.302599	903.709138
1.292890	871.082037
1.323636	872.207110
1.347100	871.082037
1.364091	844.080298
1.380274	831.704501
1.382701	860.956385
1.419111	901.458993
1.430438	907.084356
1.445002	929.585805
1.425584	948.712036
1.437720	950.962181
1.408592	973.463630
1.397265	984.714355
1.416684	991.464790
1.406974	1004.965659
1.406165	1018.466528
1.387556	1018.466528
1.372992	1027.467108
1.354382	1020.716673
1.337391	1012.841166
1.325254	982.464210
1.307454	981.339138
1.301790	958.837689
1.288844	932.961022
1.285608	903.709138
1.296935	889.083197
1.304217	872.207110
1.313117	857.581168
1.323636	841.830154
1.340627	841.830154
1.340627	830.579429
1.366519	827.204212
1.393219	826.079139
1.389174	841.830154
1.374610	847.455516
1.360046	863.206530
1.352764	856.456095
1.368137	882.332762
1.375419	882.332762
1.388365	864.331603
1.407783	857.581168
1.419920	860.956385
1.412638	884.582907
1.400501	895.833631
1.393219	908.209428
1.393219	936.336239
1.385937	954.337399
1.368137	954.337399
1.375419	971.213485
1.383510	985.839427
1.368946	991.464790
1.358428	995.965079
1.351955	966.713196
1.356809	931.835950
1.439339	1000.465369
1.411020	1044.343195
1.382701	1091.596238
1.353573	1102.846962
1.320399	1118.597977
1.275089	1088.221020
1.266998	1072.470006
1.258098	1048.843485
1.245152	995.965079
1.213597	885.707979
1.251625	787.826676
1.320399	729.322908
1.377037	727.072763
1.431247	736.073343
1.489503	803.577690
1.506495	899.208849
1.495976	994.840007
1.473321	1017.341456
1.439339	1076.970296
1.415065	1089.346093
1.377846	1058.969137
1.313117	1060.094209
1.276707	1009.465949
1.249198	941.961602
1.250816	831.704501
1.312308	763.075082
1.406165	776.575951
1.442575	841.830154
1.471703	914.959863
1.457139	985.839427
1.271044	925.085515
1.272662	884.582907
1.301790	814.828415
1.298553	961.087833
1.320399	991.464790
1.372992	1015.091311
1.415065	983.589282
1.422347	929.585805
1.418302	868.831892
1.382701	833.954646
1.337391	832.829574
1.302599	871.082037
1.301790	917.210008
1.330918	957.712616
1.358428	984.714355
1.389983	975.713775
1.393219	920.585225
1.386746	880.082617
1.356809	874.457255
1.329300	875.582327
1.318781	907.084356
1.314736	935.211167
1.336582	932.961022
1.356000	958.837689
1.379464	958.837689
1.379464	923.960443
1.360046	902.584066
1.333345	890.208269
1.350336	918.335080
1.366519	935.211167
1.347100	945.336819
1.341436	983.589282
1.339009	1001.590442
1.353573	1010.591021
1.366519	1000.465369
1.386746	997.090152
1.402120	994.840007
1.402120	959.962761
1.404547	918.335080
1.407783	876.707400
1.392410	851.955806
1.364091	850.830733
1.354382	823.828994
1.344673	845.205371
1.318781	846.330443
1.308263	853.080878
1.288035	865.456675
1.288035	889.083197
1.302599	882.332762
1.292080	903.709138
1.285608	932.961022
1.300172	936.336239
1.317972	962.212906
1.307454	973.463630
1.322827	974.588703
1.335772	973.463630
1.347100	968.963341
1.362473	967.838268
1.370564	947.586964
1.490313	866.581747
1.479794	919.460153
1.452284	983.589282
1.440957	1016.216384
1.466039	855.331023
1.422347	810.328125
1.378655	754.074502
1.317972	761.950009
1.378655	900.333921
1.394028	900.333921
1.416684	900.333921
1.423156	934.086095
1.401310	936.336239
1.386746	935.211167
1.389174	950.962181
1.404547	950.962181
1.416684	958.837689
1.410211	937.461312
1.412638	908.209428
1.399692	892.458414
1.386746	867.706820
1.377846	853.080878
1.368946	876.707400
1.354382	896.958704
1.334154	896.958704
1.334963	919.460153
1.327681	919.460153
1.313117	892.458414
1.322827	877.832472
1.320399	874.457255
1.328490	856.456095
1.341436	864.331603
1.341436	890.208269
1.344673	866.581747
1.356000	847.455516
1.331727	945.336819
1.317972	941.961602
1.310690	950.962181
1.305026	950.962181
1.313926	930.710877
1.309072	914.959863
1.300172	892.458414
1.326872	911.584646
1.364091	919.460153
1.372182	909.334501
1.372182	894.708559
1.377846	882.332762
1.380274	869.956965
1.376228	967.838268
1.372992	988.089572
1.377846	1001.590442
1.382701	979.088993
1.299362	929.585805
1.216236	967.679283
1.204741	1085.009960
1.253592	1141.782869
1.273707	1187.201195
1.201868	1122.858566
1.155891	1020.667331
1.164511	899.551793
1.207615	782.221116
1.328305	672.460159
1.469109	683.814741
1.604167	831.424303
1.584052	982.818725
1.552443	1013.097610
1.552443	880.627490
1.540948	755.727092
1.532328	657.320717
1.494971	748.157371
1.512213	793.575697
1.443247	740.587649
1.414511	676.245020
1.368534	592.978088
1.368534	729.233068
1.267960	695.169323
1.221983	725.448207
1.259339	748.157371
1.236351	816.284861
1.141523	804.930279
1.362787	1190.986056
1.463362	1156.922311
1.535201	1111.503984
1.497845	994.173307
1.549569	926.045817
1.612787	910.906375
1.448994	1035.806773
1.417385	1115.288845
1.336925	1115.288845
1.230603	1062.300797
1.270833	1047.161355
1.267960	1073.655378
1.302443	1058.515936
1.377155	1054.731076
1.276580	982.818725
1.247845	895.766932
1.282328	816.284861
1.334052	801.145418
1.426006	786.005976
1.469109	831.424303
1.474856	907.121514
1.150144	960.109562
1.130029	888.197211
1.196121	570.268924
1.158764	445.368526
1.084052	293.974104
0.963362	180.428287
0.750718	187.998008
0.621408	399.950199
0.578305	543.774900
0.520833	910.906375
0.526580	1141.782869
0.575431	1300.747012
0.696121	1418.077689
0.836925	1467.280876
0.989224	1463.496016
1.107040	1433.217131
1.210489	1349.950199
1.290948	1247.758964
1.173132	1255.328685
1.049569	1357.519920
0.911638	1380.229084
0.845546	1376.444223
0.788075	1372.659363
0.650144	1274.252988
0.549569	1081.225100
0.589799	884.412351
0.549569	763.296813
0.667385	642.181275
0.667385	441.583665
0.681753	377.241036
0.770833	312.898406
0.805316	180.428287
0.923132	256.125498
0.816810	309.113546
0.934626	350.747012
0.862787	415.089641
0.782328	403.735060
0.724856	505.926295
0.756466	642.181275
0.704741	759.511952
0.667385	884.412351
0.851293	922.260956
0.937500	1111.503984
0.923132	1187.201195
0.994971	1266.683267
1.032328	1194.770916
0.986351	1122.858566
1.107040	1092.579681
1.107040	1209.910359
1.058190	914.691235
1.078305	653.535857
1.081178	464.292829
1.052443	362.101594
0.946121	369.671315
1.000718	483.217131
1.000718	581.623506
1.000718	748.157371
1.000718	850.348606
1.000718	891.982072
0.963362	933.615538
0.871408	986.603586
0.776580	873.057769
0.765086	751.942231
0.882902	661.105578
0.782328	536.205179
0.851293	505.926295
0.828305	642.181275
0.908764	547.559761
0.934626	649.750996
0.920259	774.651394
0.865661	759.511952
0.914511	838.994024
0.946121	910.906375
1.020833	1020.667331
1.086925	1013.097610
1.104167	789.790837
1.112787	653.535857
1.236351	645.966135
0.529454	657.320717
0.581178	634.611554
0.454741	793.575697
0.443247	986.603586
0.443247	1009.312749
0.460489	1137.998008
0.532328	1206.125498
0.569684	1187.201195
0.630029	1066.085657
0.676006	948.754980
1.517960	1467.280876
1.497845	1683.017928
1.595546	1819.272908
1.779454	1913.894422
1.848420	1879.830677
1.874282	1770.069721
1.931753	1599.750996
1.900144	1368.874502
1.834052	1331.025896
1.710489	1342.380478
1.618534	1444.571713
1.618534	1550.547809
1.759339	1433.217131
1.802443	1440.786853
1.796695	1584.611554
1.687500	1614.890438
1.750718	1675.448207
1.799569	1781.424303
1.713362	1785.209163
1.612787	1770.069721
1.604167	1709.511952
1.546695	1637.599602
1.538075	1527.838645
1.635776	1418.077689
1.701868	1486.205179
1.808190	1527.838645
1.822557	1520.268924
1.859914	1505.129482
1.862787	1652.739044
1.733477	1724.651394
1.592672	1713.296813
0.469109	1762.500000
0.357040	1879.830677
0.293822	1879.830677
0.239224	1868.476096
0.155891	1815.488048
0.066810	1664.093625
0.086925	1474.850598
0.107040	1437.001992
0.204741	1289.392430
0.365661	1349.950199
0.394397	1376.444223
0.486351	1501.344622
0.486351	1588.396414
0.454741	1690.587649
0.443247	1701.942231
0.371408	1724.651394
0.311063	1739.790837
0.230603	1743.575697
0.285201	1781.424303
0.354167	1777.639442
0.147270	1709.511952
0.161638	1380.229084
0.336925	1376.444223
0.342672	1357.519920
0.270833	1418.077689
0.207615	1482.420319
0.161638	1527.838645
0.270833	1550.547809
0.319684	1437.001992
0.348420	1531.623506
0.210489	1558.117530
0.161638	1611.105578
0.101293	1603.535857
0.233477	1633.814741
0.296695	1633.814741
0.357040	1580.826693
0.391523	1486.205179
1.871408	263.695219
1.816810	252.340637
1.793822	233.416335
1.785201	218.276892
1.836925	165.288845
1.882902	165.288845
1.931753	210.707171
1.914511	320.468127
1.776580	297.758964
1.744971	286.404382
1.742098	240.986056
1.687500	218.276892
1.719109	184.213147
1.747845	180.428287
1.756466	396.165339
0.167385	1221.264940
0.141523	1202.340637
0.121408	1183.416335
1.339799	1107.719124
1.262213	1050.946215
1.173132	926.045817
1.230603	748.157371
1.365661	676.245020
1.543822	778.436255
1.555316	975.249004
1.506466	1172.061753
1.331178	1194.770916
1.213362	1119.073705
1.316810	982.818725
1.368534	994.173307
1.400144	922.260956
1.385776	846.563745
1.319684	865.488048
1.325431	903.336653
1.365661	971.464143
1.322557	956.324701
1.296695	876.842629
1.368534	823.854582
1.380029	842.778884
1.494971	1028.237052
1.434626	1081.225100
1.403017	1119.073705
1.279454	1119.073705
1.207615	1058.515936
1.190374	929.830677
1.181753	1020.667331
1.167385	941.185259
1.193247	944.970120
1.273707	975.249004
1.233477	899.551793
1.181753	804.930279
1.178879	861.703187
1.196121	827.639442
1.279454	808.715139
1.265086	714.093625
1.293822	630.826693
1.471983	649.750996
1.492098	767.081673
1.540948	823.854582
1.517960	929.830677
1.471983	941.185259
1.471983	861.703187
1.428879	816.284861
1.354167	793.575697
1.290948	714.093625
0.477730	1747.360558
0.411638	1857.121514
0.316810	1906.324701
0.193247	1887.400398
0.161638	1864.691235
0.118534	1754.930279
0.095546	1531.623506
0.118534	1414.292829
0.181753	1361.304781
0.282328	1331.025896
0.293822	1331.025896
0.454741	1342.380478
0.463362	1346.165339
0.483477	1440.786853
0.517960	1505.129482
0.520833	1539.193227
0.509339	1595.966135
1.300915	932.548690
1.311154	971.739337
1.354158	1012.633926
1.389995	999.002397
1.419689	934.252631
1.417641	866.094983
1.398187	828.608276
1.359278	820.088570
1.319345	842.239806
1.297843	860.983159
1.288628	871.206806
1.287604	891.654101
1.287604	925.732925
1.287604	941.068396
1.306034	956.403867
1.334704	956.403867
1.322417	995.594514
1.345967	1005.818162
1.352111	988.778750
1.369517	999.002397
1.382828	970.035396
1.407402	973.443279
1.407402	939.364455
1.409450	895.061983
1.404330	866.094983
1.402282	860.983159
1.388971	857.575277
1.371565	852.463453
1.316274	925.732925
1.326513	970.035396
1.294771	946.180219
1.306034	903.581689
1.318321	847.351629
1.368493	832.016158
1.419689	881.430453
1.416617	987.074808
1.388971	1007.522103
1.355182	1005.818162
1.324465	992.186632
1.315250	970.035396
1.303987	932.548690
1.290676	888.246218
1.374637	886.542277
1.413545	900.173807
1.416617	924.028984
1.407402	944.476278
1.396139	976.851161
1.369517	983.666926
1.344943	971.739337
1.332656	900.173807
1.321393	879.726512
1.336752	866.094983
1.336752	835.424041
1.365421	859.279218
1.346991	889.950160
1.354158	917.213219
1.344943	937.660513
1.359278	941.068396
1.376685	927.436866
1.389995	900.173807
1.394091	859.279218
1.473956	782.601863
1.514913	901.877748
1.510817	1041.600927
1.478052	1116.574340
1.441191	1164.284694
1.398187	1193.251694
1.328561	1181.324106
1.268150	1119.982223
1.221050	1043.304868
1.189308	918.917160
1.210811	792.825511
1.236408	731.483627
1.270198	693.996921
1.317298	678.661450
1.370541	678.661450
1.426856	687.181156
1.463717	717.852098
1.474980	733.187568
1.506721	806.457040
1.525152	860.983159
1.531295	906.989572
1.532319	922.325042
1.531295	978.555102
1.527200	1045.008809
1.514913	1089.311281
1.486243	1084.199457
1.438119	1130.205870
1.393067	1162.580753
1.384876	1169.396518
1.348015	1164.284694
1.298867	1137.021635
1.289652	1102.942810
1.251767	1063.752163
1.249719	1033.081221
1.222074	988.778750
1.195452	947.884161
1.226169	886.542277
1.196476	845.647688
1.195452	845.647688
1.231289	850.759512
1.240504	780.897922
1.276341	717.852098
1.371565	692.292979
1.416617	700.812686
1.424808	750.226981
1.450406	758.746687
1.442215	806.457040
1.487267	860.983159
1.483171	941.068396
1.467813	1016.041809
1.433000	1075.679751
1.382828	1097.830987
1.363374	1097.830987
1.340848	1075.679751
1.272245	1017.745750
1.243576	966.627514
1.229241	942.772337
1.202619	900.173807
1.241528	888.246218
1.267126	809.864923
1.284532	779.193981
1.303987	736.595451
1.352111	736.595451
1.386924	760.450628
1.410474	808.160982
1.421737	820.088570
1.448358	893.358042
1.441191	993.890573
1.421737	1029.673339
1.376685	1045.008809
1.335728	1050.120633
1.306034	1012.633926
1.281461	973.443279
1.257911	891.654101
1.312178	768.970334
1.292724	830.312217
1.246648	835.424041
1.342895	803.049158
1.385900	808.160982
1.448358	847.351629
1.474980	884.838336
1.455526	941.068396
1.230970	925.730129
1.243053	987.264621
1.310715	1087.258169
1.404959	1141.100849
1.361462	1183.405812
1.291383	1143.023802
1.227345	1075.720452
1.191097	983.418715
1.187473	850.734968
1.229762	758.433231
1.340921	660.362635
1.470205	685.361022
1.517327	785.354571
1.534242	908.423554
1.531826	1031.492536
1.496786	1121.871321
1.458122	1154.561519
1.431541	1164.176283
1.361462	1131.486085
1.324006	1131.486085
1.275675	1077.643405
1.253927	1044.953206
1.210430	973.803951
1.197139	869.964497
1.204388	825.736581
1.253927	739.203702
1.296216	689.206928
1.369919	716.128268
1.450873	723.820080
1.482287	800.738194
1.496786	954.574422
1.490745	1021.877772
1.467788	1077.643405
1.415833	1081.489311
1.361462	1075.720452
1.331255	1068.028641
1.269634	973.803951
1.257552	856.503827
1.263593	827.659534
1.285342	794.969335
1.367503	773.816854
1.411000	777.662759
1.465372	869.964497
1.466580	933.421941
1.459331	956.497375
1.423083	1023.800725
1.331255	1029.569584
1.284133	983.418715
1.164747	1160.948905
1.197005	1221.970803
1.118664	1305.182482
1.072581	1438.321168
0.888249	1427.226277
0.625576	1355.109489
0.519585	1277.445255
0.450461	1038.905109
0.459677	833.649635
0.699309	733.795620
0.717742	933.503650
0.888249	972.335766
0.929724	1188.686131
1.091014	1138.759124
1.026498	850.291971
1.137097	639.489051
1.049539	373.211679
1.008065	173.503650
0.814516	167.956204
0.611751	284.452555
0.846774	301.094891
0.685484	478.613139
0.915899	528.540146
0.551843	578.467153
0.796083	628.394161
0.671659	622.846715
0.846774	445.328467
0.745392	323.284672
1.026498	467.518248
1.012673	633.941606
0.892857	755.985401
0.750000	761.532847
0.740783	861.386861
0.574885	850.291971
1.630184	129.124088
1.607143	228.978102
1.611751	389.854015
1.699309	517.445255
1.865207	545.182482
1.966590	450.875912
1.975806	312.189781
1.966590	118.029197
1.860599	351.021898
1.897465	428.686131
1.791475	439.781022
1.690092	389.854015
1.676267	256.715328
1.722350	118.029197
1.607143	1687.956204
1.542627	1821.094891
1.708525	1915.401460
1.925115	1832.189781
1.934332	1527.080292
1.823733	1238.613139
1.593318	1405.036496
1.404378	1610.291971
1.464286	1732.335766
1.482719	1599.197080
1.616359	1565.912409
1.690092	1477.153285
1.777650	1432.773723
1.828341	1543.722628
1.851382	1649.124088
1.851382	1721.240876
1.851382	1787.810219
1.814516	1887.664234
1.667051	1798.905109
1.648618	1882.116788
1.796083	1693.503650
1.708525	1699.051095
1.657834	1593.649635
1.726959	1543.722628
0.971198	1099.927007
1.054147	894.671533
1.160138	800.364964
1.247696	628.394161
1.104839	423.138686
1.123272	362.116788
1.266129	667.226277
1.279954	694.963504
0.980415	988.978102
0.952765	1011.167883
0.934332	1016.715328
0.902074	1050.000000
0.879032	1061.094891
0.828341	1083.284672
0.777650	1094.379562
0.514977	1604.744526
0.418203	1821.094891
0.289171	1887.664234
0.132488	1804.452555
0.104839	1726.788321
0.109447	1549.270073
0.155530	1460.510949
0.252304	1421.678832
0.427419	1482.700730
0.427419	1626.934307
0.399770	1704.598540
0.289171	1760.072993
0.266129	1760.072993
0.197005	1671.313869
0.238479	1515.985401
0.289171	1471.605839
0.289171	1366.204380
0.395161	1416.131387
0.385945	1527.080292
0.344470	1577.007299
0.252304	1577.007299
0.201613	1593.649635
0.238479	1621.386861
0.349078	1643.576642
0.362903	1748.978102
0.501152	1793.357664
0.579493	1804.452555
1.482719	1588.102190
1.464286	1782.262774
1.611751	1871.021898
1.533410	1876.569343
1.533410	1737.883212
1.625576	1610.291971
1.565668	1488.248175
1.750000	1332.919708
1.865207	1377.299270
1.897465	1427.226277
1.925115	1704.598540
1.943548	1854.379562
1.842166	1898.759124
1.750000	1932.043796
1.745392	1893.211679
1.874424	1782.262774
1.814516	1615.839416
1.823733	1432.773723
1.731567	1432.773723
1.662442	1421.678832
1.593318	1421.678832
1.487327	1488.248175
1.408986	1604.744526
1.372120	1721.240876
1.385945	1776.715328
1.418203	1859.927007
1.473502	1915.401460
1.538018	1948.686131
1.607143	1948.686131
1.680876	1887.664234
1.676267	1793.357664
1.773041	1793.357664
1.713134	1704.598540
1.745392	1638.029197
1.634793	1704.598540
1.607143	1748.978102
0.505760	1676.861314
0.427419	1798.905109
0.339862	1887.664234
0.173963	1865.474453
0.132488	1782.262774
0.109447	1687.956204
0.104839	1588.102190
0.104839	1549.270073
0.109447	1460.510949
0.169355	1371.751825
0.270737	1316.277372
0.344470	1288.540146
0.422811	1282.992701
0.524194	1399.489051
0.533410	1449.416058
0.533410	1527.080292
0.510369	1554.817518
0.487327	1588.102190
0.441244	1726.788321
0.326037	1804.452555
0.266129	1804.452555
0.266129	1798.905109
0.229263	1721.240876
0.201613	1626.934307
0.197005	1554.817518
0.210829	1488.248175
0.302995	1443.868613
0.339862	1388.394161
0.367512	1371.751825
0.404378	1371.751825
0.445853	1405.036496
0.445853	1538.175182
0.432028	1649.124088
0.385945	1699.051095
0.321429	1715.693431
0.256912	1626.934307
0.312212	1532.627737
0.358295	1499.343066
0.418203	1565.912409
0.372120	1621.386861
0.293779	1638.029197
0.349078	1565.912409
0.395161	1499.343066
0.312212	1438.321168
0.238479	1382.846715
0.220046	1438.321168
0.155530	1460.510949
0.155530	1532.627737
0.155530	1665.766423
0.192396	1754.525547
0.261521	1848.832117
0.178571	1321.824818
0.339862	1321.824818
0.487327	1377.299270
0.478111	1454.963504
0.501152	1504.890511
0.464286	1660.218978
0.390553	1782.262774
0.344470	1760.072993
0.344470	1754.525547
0.275346	1582.554745
0.938940	1266.350365
1.169355	1238.613139
0.925115	1099.927007
1.035714	1099.927007
0.842166	950.145985
0.690092	839.197080
0.648618	950.145985
0.542627	1105.474453
0.703917	1360.656934
0.726959	1366.204380
0.865207	1349.562044
0.929724	1349.562044
0.980415	1338.467153
0.989631	1277.445255
1.058756	1144.306569
1.049539	1000.072993
1.081797	611.751825
1.183180	556.277372
1.132488	761.532847
1.040323	828.102190
0.998848	866.934307
0.832949	866.934307
0.722350	794.817518
0.648618	733.795620
0.616359	711.605839
0.588710	839.197080
0.514977	977.883212
0.505760	966.788321
0.505760	878.029197
0.597926	550.729927
0.671659	295.547445
0.800691	223.430657
1.044931	184.598540
1.206221	362.116788
1.256912	473.065693
1.270737	489.708029
1.146313	445.328467
1.063364	301.094891
1.049539	301.094891
0.994240	323.284672
0.994240	450.875912
0.985023	611.751825
0.865207	600.656934
0.768433	606.204380
0.685484	522.992701
0.694700	478.613139
0.828341	328.832117
0.897465	295.547445
0.897465	228.978102
0.920507	301.094891
0.892857	400.948905
0.782258	406.496350
0.777650	367.664234
0.819124	528.540146
0.869816	522.992701
0.920507	522.992701
0.948157	489.708029
1.031106	506.350365
0.897465	611.751825
0.736175	706.058394
0.989631	772.627737
0.879032	678.321168
0.925115	678.321168
1.040323	667.226277
1.104839	661.678832
1.215438	683.868613
1.233871	633.941606
0.524194	1016.715328
0.556452	1172.043796
0.662442	1349.562044
0.985023	1288.540146
0.989631	1249.708029
0.948157	1172.043796
1.067972	1183.138686
1.063364	1316.277372
1.109447	1249.708029
1.114055	1183.138686
1.100230	1027.810219
0.971198	1005.620438
0.966590	977.883212
1.091014	1160.948905
1.012673	1116.569343
0.865207	939.051095
0.653226	922.408759
0.625576	1050.000000
0.593318	1210.875912
0.722350	1360.656934
0.897465	1349.562044
0.883641	1249.708029
0.938940	1188.686131
0.906682	1077.737226
0.832949	988.978102
0.773041	883.576642
0.607143	700.510949
0.593318	811.459854
0.556452	900.218978
0.570276	977.883212
0.542627	1094.379562
0.487327	905.766423
0.547235	711.605839
0.542627	561.824818
0.634793	423.138686
0.653226	251.167883
0.846774	156.861314
1.021889	212.335766
1.178571	373.211679
1.261521	517.445255
1.247696	611.751825
1.150922	717.153285
1.137097	772.627737
1.114055	916.861314
1.123272	1022.262774
1.164747	1077.737226
1.215438	1183.138686
1.160138	1294.087591
1.077189	1271.897810
1.012673	1332.919708
0.971198	1388.394161
0.943548	889.124088
1.054147	811.459854
1.063364	689.416058
1.100230	584.014599
1.072581	467.518248
1.049539	367.664234
0.961982	262.262774
0.883641	240.072993
0.773041	240.072993
0.713134	317.737226
0.722350	456.423358
0.616359	550.729927
0.667051	572.919708
0.680876	689.416058
0.699309	755.985401
0.805300	778.175182
0.920507	761.532847
0.975806	706.058394
0.989631	617.299270
0.975806	450.875912
0.911290	389.854015
0.865207	339.927007
0.750000	351.021898
0.832949	439.781022
0.929724	495.255474
0.920507	600.656934
0.828341	689.416058
0.726959	683.868613
0.750000	584.014599
0.726959	461.970803
0.814516	500.802920
0.892857	506.350365
0.832949	556.277372
0.832949	628.394161
1.630184	290.000000
1.648618	334.379562
1.699309	412.043796
1.823733	473.065693
1.952765	417.591241
2.003456	306.642336
2.003456	201.240876
1.961982	145.766423
1.855991	134.671533
1.639401	129.124088
1.680876	217.883212
1.690092	295.547445
1.796083	378.759124
1.865207	345.474453
1.883641	306.642336
1.809908	228.978102
1.745392	167.956204
1.750000	245.620438
1.791475	262.262774
1.805300	267.810219
1.750000	284.452555
1.745392	328.832117
1.828341	328.832117
1.846774	367.664234
1.763825	134.671533
0.938940	783.722628
0.998848	1027.810219
0.911290	1255.255474
0.699309	1327.372263
0.574885	1199.781022
0.491935	844.744526
0.579493	578.467153
0.713134	395.401460
0.860599	284.452555
1.173963	328.832117
1.178571	511.897810
1.104839	700.510949
1.095622	839.197080
1.095622	1011.167883
1.035714	1249.708029
0.989631	1366.204380
0.934332	1366.204380
0.920507	1094.379562
0.773041	911.313869
0.611751	922.408759
0.602535	905.766423
0.644009	794.817518
0.667051	661.678832
0.726959	511.897810
0.832949	461.970803
0.975806	245.620438
1.044931	406.496350
1.127880	528.540146
0.934332	500.802920
1.026498	567.372263
0.828341	561.824818
0.985023	572.919708
0.828341	611.751825
0.971198	661.678832
0.842166	661.678832
0.736175	600.656934
0.667051	506.350365
0.077189	167.956204
0.261521	173.503650
0.561060	179.051095
0.616359	184.598540
1.339862	550.729927
1.210829	628.394161
0.961982	572.919708
1.570276	1543.722628
1.473502	1782.262774
1.579493	1909.854015
1.750000	1948.686131
1.809908	1926.496350
1.892857	1671.313869
1.892857	1504.890511
1.828341	1438.321168
1.791475	1410.583942
1.676267	1410.583942
1.473502	1421.678832
1.455069	1510.437956
1.547235	1665.766423
1.602535	1671.313869
1.528802	1737.883212
1.699309	1865.474453
1.667051	1743.430657
1.713134	1715.693431
1.685484	1549.270073
1.768433	1538.175182
1.754608	1632.481752
1.823733	1704.598540
1.750000	1737.883212
1.892857	1776.715328
1.791475	1782.262774
1.832949	1798.905109
1.911290	1865.474453
1.948157	1671.313869
1.952765	1593.649635
1.934332	1493.795620
1.906682	1454.963504
1.860599	1321.824818
1.763825	1321.824818
1.713134	1332.919708
1.602535	1344.014599
1.593318	1443.868613
1.588710	1460.510949
1.266129	961.240876
1.298387	1072.189781
1.376728	1122.116788
1.505760	1111.021898
1.533410	961.240876
1.538018	789.270073
1.459677	661.678832
1.349078	661.678832
1.243088	744.890511
1.192396	855.839416
1.192396	983.430657
1.252304	1094.379562
1.349078	1177.591241
1.284562	1160.948905
1.210829	1005.620438
1.210829	894.671533
1.243088	828.102190
1.298387	750.437956
1.418203	755.985401
1.496544	800.364964
0.524194	1704.598540
0.441244	1782.262774
0.289171	1854.379562
0.233871	1837.737226
0.169355	1760.072993
0.150922	1621.386861
0.160138	1504.890511
0.233871	1477.153285
0.367512	1499.343066
0.408986	1532.627737
0.385945	1654.671533
0.376728	1737.883212
0.270737	1754.525547
0.233871	1687.956204
0.233871	1626.934307
0.261521	1577.007299
0.284562	1538.175182
0.298387	1554.817518
0.298387	1604.744526
0.298387	1671.313869
0.312212	1726.788321
0.312212	1782.262774
0.353687	1810.000000
0.413594	1804.452555
0.432028	1737.883212
0.505760	1565.912409
0.491935	1515.985401
0.455069	1477.153285
0.330645	1377.299270
0.279954	1360.656934
0.266129	1366.204380
0.224654	1382.846715
0.178571	1382.846715
1.223847	985.346919
1.255607	1082.421253
1.303247	1138.724367
1.364414	1181.437074
1.449107	1171.729641
1.530271	1066.889360
1.550856	896.038531
1.525565	742.661083
1.458517	665.001616
1.398526	635.879315
1.339124	631.996342
1.285602	692.182429
1.258548	725.187703
1.230905	810.613117
1.222083	837.793931
1.230317	909.628938
1.246785	969.815026
1.275604	1030.001113
1.312657	1066.889360
1.363237	1094.070174
1.389704	1099.894634
1.420876	1092.128687
1.463222	1024.176653
1.481455	868.857718
1.480278	783.432304
1.419111	725.187703
1.393821	698.006889
1.349122	699.948376
1.315598	699.948376
1.286779	756.251490
1.254431	769.841897
1.252666	785.373790
1.236786	864.974744
1.259724	884.389611
1.255607	847.501364
1.271487	777.607844
1.282662	717.421756
1.297953	707.714323
1.294425	810.613117
1.277956	878.565151
1.273839	905.745965
1.261488	971.756512
1.255607	1033.884086
1.235610	1026.118140
1.292660	1080.479767
1.311481	888.272585
1.355592	930.985292
1.386763	913.511912
1.394409	901.862992
1.376765	880.506638
1.375000	923.219345
1.371471	952.341645
1.360885	958.166105
1.347946	958.166105
1.340888	946.517185
1.346769	897.980018
1.354415	880.506638
1.356180	878.565151
1.359709	853.325824
1.369119	853.325824
1.384999	845.559878
1.399114	861.091771
1.404408	880.506638
1.405584	938.751239
1.399114	967.873539
1.380882	979.522459
1.366766	979.522459
1.357356	983.405432
1.338535	998.937326
1.325596	991.171379
1.313245	981.463946
1.304423	956.224619
1.304423	925.160832
1.304423	897.980018
1.317362	849.442851
1.325596	849.442851
1.347946	841.676904
1.329125	884.389611
1.324420	892.155558
1.319127	905.745965
1.317950	927.102318
1.329713	956.224619
1.328537	946.517185
1.329125	932.926779
1.334418	917.394885
1.343829	861.091771
1.354415	857.208798
1.356180	847.501364
1.363237	837.793931
1.372060	837.793931
1.393233	853.325824
1.399702	853.325824
1.419699	861.091771
1.420288	897.980018
1.420288	948.458672
1.414994	963.990566
1.407348	969.815026
1.397938	975.639486
1.397350	998.937326
1.211355	884.445206
1.211355	910.345906
1.205426	958.909718
1.228153	1018.805087
1.240999	1090.032012
1.262738	1096.507187
1.302263	1138.595825
1.349694	1170.971700
1.353646	1170.971700
1.348706	1133.739443
1.370444	1101.363568
1.327955	1059.274931
1.281512	1043.086993
1.303251	1073.844075
1.315109	1096.507187
1.319062	1140.214618
1.320050	1169.352906
1.310168	1161.258937
1.273607	1148.308587
1.282501	1109.457537
1.269655	1056.037343
1.241987	1057.656137
1.202462	1025.280262
1.186652	967.003687
1.179735	928.152637
1.179735	913.583493
1.187640	850.450537
1.212343	800.267931
1.216296	793.792756
1.236058	764.654468
1.264714	714.471862
1.296334	685.333574
1.357599	683.714780
1.392183	688.571162
1.441590	693.427543
1.488032	729.041005
1.502854	750.085324
1.533486	819.693456
1.537439	889.301587
1.537439	973.478862
1.534475	1064.131312
1.512736	1115.932712
1.483092	1138.595825
1.440602	1164.496525
1.390207	1183.922050
1.392183	1130.501856
1.488032	1046.324581
1.498902	1000.998356
1.505819	911.964699
1.499890	793.792756
1.438626	772.748437
1.418863	745.228943
1.340800	730.659799
1.272619	753.322912
1.259774	798.649137
1.252857	834.262599
1.235070	890.920381
1.248904	949.196956
1.272619	981.572831
1.344753	1031.755437
1.391195	1059.274931
1.430721	1039.849406
1.454436	1002.617150
1.480127	889.301587
1.445543	792.173962
1.381314	784.079993
1.337836	788.936374
1.300287	832.643806
1.275584	866.638474
1.301275	923.296256
1.313133	945.959368
1.316097	947.578162
1.381314	941.102987
1.354634	916.821081
1.330919	903.870731
1.361551	890.920381
1.363528	874.732443
1.422816	911.964699
1.419851	957.290924
1.407994	975.097656
1.387243	983.191625
1.369456	983.191625
1.355622	983.191625
1.336848	989.666800
1.315109	983.191625
1.304240	967.003687
1.301275	954.053337
1.294358	937.865399
1.294358	887.682793
1.314121	874.732443
1.331907	848.831743
1.354634	839.118981
1.357599	827.787424
1.388231	835.881393
1.398112	837.500187
1.414910	882.826412
1.413922	913.583493
1.412934	928.152637
1.402065	937.865399
1.396136	952.434543
1.389219	955.672131
1.375385	957.290924
1.353646	957.290924
1.342777	968.622481
1.325978	967.003687
1.333884	945.959368
1.313133	928.152637
1.308192	908.727112
1.336848	895.776762
1.337836	873.113649
1.349694	869.876062
1.379338	848.831743
1.406017	858.544506
1.408982	874.732443
1.388231	910.345906
1.396136	926.533843
1.396136	892.539174
1.393172	876.351237
1.379338	905.489524
1.364516	937.865399
1.364516	949.196956
1.371433	915.202287
1.366492	913.583493
1.385266	894.157968
1.377361	892.539174
1.364516	937.865399
1.336848	944.340574
1.334872	929.771431
1.348706	916.821081
1.321038	913.583493
1.396136	850.450537
1.409970	897.395556
1.428744	908.727112
1.390207	965.384893
1.379338	1000.998356
1.353646	1002.617150
1.342777	997.760768
1.381314	986.429212
1.344753	915.202287
1.320050	873.113649
1.321038	869.876062
1.303251	866.638474
1.312145	874.732443
1.299299	879.588824
1.334872	892.539174
1.314121	892.539174
1.301275	900.633143
1.312145	900.633143
1.296334	903.870731
1.291394	929.771431
1.279536	923.296256
1.279536	907.108318
1.297323	897.395556
1.292382	911.964699
1.213331	952.434543
1.242975	1012.329912
1.238035	976.716450
1.232106	929.771431
1.238035	840.737774
1.236058	801.886724
1.325978	717.709449
1.404041	672.383224
1.460365	754.941705
1.480127	809.980693
1.481115	824.549837
1.499890	845.594156
1.513724	926.533843
1.513724	981.572831
1.512736	1005.854737
1.483092	1072.225281
1.471234	1101.363568
1.460365	1111.076331
1.405029	1127.264268
1.355622	1174.209287
1.397124	1111.076331
1.433685	1072.225281
1.451471	1044.705787
1.460365	1028.517850
1.479139	968.622481
1.479139	876.351237
1.433685	805.124312
1.385266	756.560499
1.371433	727.422212
1.330919	787.317581
1.295346	772.748437
1.318073	745.228943
1.279536	737.134974
1.312145	769.510849
1.296334	800.267931
1.261750	861.782093
1.258785	879.588824
1.278548	967.003687
1.295346	997.760768
1.344753	1083.556837
1.254833	1010.711118
1.297323	1044.705787
1.309180	1039.849406
1.263726	991.285593
1.268667	981.572831
1.266690	991.285593
1.278548	1002.617150
1.287441	1015.567500
1.248904	1052.799756
1.247916	1036.611818
1.235070	979.954037
1.330919	950.815749
1.302263	915.202287
1.300287	913.583493
1.300287	944.340574
1.326967	979.954037
1.356611	989.666800
1.368468	989.666800
1.388231	973.478862
1.391195	954.053337
1.393172	933.009018
1.393172	924.915049
1.393172	884.445206
1.416887	889.301587
1.416887	913.583493
1.416887	950.815749
1.410958	975.097656
1.400088	984.810418
1.393172	994.523181
1.367480	955.672131
1.372421	954.053337
1.374397	894.157968
1.382302	863.400887
1.406017	868.257268
1.370444	847.212949
1.367480	843.975362
1.363528	890.920381
1.362539	916.821081
1.351670	936.246606
1.345741	941.102987
1.344753	931.390224
1.349694	890.920381
1.349694	863.400887
1.332895	895.776762
1.329931	921.677462
1.324990	933.009018
1.324002	900.633143
1.327955	863.400887
1.343765	855.306918
1.323014	869.876062
1.313133	879.588824
1.323014	853.688124
1.377361	826.168631
1.421827	858.544506
1.423804	903.870731
1.418863	955.672131
1.414910	971.860068
1.400088	979.954037
1.392183	986.429212
1.374397	996.141975
1.355622	996.141975
1.340800	996.141975
1.331907	992.904387
1.304240	978.335243
1.302263	958.909718
1.293370	942.721781
1.292382	907.108318
1.294358	894.157968
1.314121	865.019681
1.322026	855.306918
1.355622	840.737774
1.487044	840.737774
1.480127	999.379562
1.453448	1075.462868
1.405029	1119.170300
1.229141	847.212949
1.221236	839.118981
1.200486	863.400887
1.209379	939.484193
1.240011	1018.805087
1.284477	1107.838743
1.339812	1151.546175
1.410958	1169.352906
1.424792	1167.734112
1.448507	1135.358237
1.481115	1044.705787
1.505819	984.810418
1.522617	908.727112
1.522617	850.450537
1.518664	803.505518
1.484080	745.228943
1.450483	696.665130
1.373409	667.526843
1.287441	691.808749
1.256809	716.090655
1.250880	732.278593
1.261750	772.748437
1.274596	759.798087
1.300287	738.753768
1.306216	707.996687
1.350682	725.803418
1.362539	727.422212
1.323014	648.101318
1.354634	665.908049
1.385266	699.902718
1.410958	706.377893
1.418863	743.610149
1.467282	818.074662
1.470246	848.831743
1.477163	903.870731
1.470246	978.335243
1.466293	997.760768
1.455424	1012.329912
1.421827	1059.274931
1.382302	1065.750106
1.353646	1078.700456
1.307204	1070.606487
1.287441	1059.274931
1.274596	1030.136643
1.249892	979.954037
1.252857	920.058668
1.256809	842.356568
1.272619	826.168631
1.297323	792.173962
1.331907	772.748437
1.380326	766.273262
1.438626	800.267931
1.440602	826.168631
1.440602	908.727112
1.440602	928.152637
1.424792	1002.617150
1.416887	1012.329912
1.360563	1033.374231
1.331907	1033.374231
1.287441	1000.998356
1.287441	981.572831
1.281512	929.771431
1.288429	879.588824
1.318073	834.262599
1.355622	811.599487
1.413922	818.074662
1.428744	879.588824
1.414910	937.865399
1.355622	983.191625
1.335860	965.384893
1.340800	916.821081
1.377361	910.345906
1.312145	921.677462
1.329931	894.157968
1.342777	889.301587
1.351670	884.445206
1.353646	920.058668
1.380326	942.721781
1.386255	958.909718
1.369456	954.053337
1.332895	928.152637
1.325978	934.627812
1.313133	957.290924
1.311156	945.959368
1.377361	855.306918
1.384278	865.019681
1.402065	887.682793
1.402065	894.157968
1.382302	868.257268
1.363528	861.782093
1.347717	856.925712
1.325978	865.019681
1.290406	897.395556
1.308192	873.113649
1.341789	843.975362
1.362539	843.975362
1.410958	890.920381
1.410958	913.583493
1.401077	975.097656
1.382302	989.666800
1.362539	1000.998356
1.387243	1005.854737
1.402065	1002.617150
0.966590	1160.948905
0.888249	977.883212
0.699309	822.554745
0.565668	878.029197
0.602535	1271.897810
0.445853	1133.211679
0.427419	972.335766
0.427419	894.671533
0.542627	722.700730
0.570276	511.897810
0.639401	423.138686
0.676267	256.715328
0.703917	256.715328
0.897465	167.956204
0.998848	228.978102
1.104839	306.642336
0.966590	550.729927
0.860599	534.087591
0.888249	406.496350
0.786866	351.021898
0.750000	550.729927
0.616359	595.109489
0.892857	728.248175
1.021889	855.839416
0.855991	656.131387
0.791475	639.489051
1.238479	639.489051
1.206221	511.897810
1.261521	495.255474
1.316820	572.919708
1.173963	367.664234
1.081797	473.065693
1.081797	639.489051
1.146313	872.481752
1.141705	994.525547
1.252304	1210.875912
1.266129	1282.992701
1.233871	1321.824818
1.160138	1366.204380
1.132488	1371.751825
0.929724	1377.299270
0.823733	1405.036496
0.717742	1377.299270
0.938940	1332.919708
1.035714	1299.635036
1.044931	1149.854015
0.980415	977.883212
0.938940	894.671533
0.823733	805.912409
0.777650	728.248175
0.745392	689.416058
0.731567	561.824818
0.680876	545.182482
0.763825	423.138686
0.782258	400.948905
0.832949	445.328467
0.897465	439.781022
0.948157	406.496350
0.948157	317.737226
0.888249	306.642336
0.823733	228.978102
0.773041	228.978102
0.708525	339.927007
0.565668	373.211679
0.547235	495.255474
0.528802	578.467153
0.496544	717.153285
0.501152	900.218978
0.501152	1016.715328
0.542627	1016.715328
0.653226	955.693431
0.745392	927.956204
0.814516	1000.072993
0.902074	1094.379562
0.902074	1244.160584
0.713134	1299.635036
0.565668	1199.781022
0.565668	1072.189781
1.201613	1155.401460
1.127880	1282.992701
1.118664	1166.496350
1.031106	1027.810219
1.026498	844.744526
1.012673	645.036496
1.077189	678.321168
1.086406	728.248175
0.971198	717.153285
0.920507	639.489051
1.519585	1704.598540
1.510369	1898.759124
1.662442	1926.496350
1.782258	1882.116788
1.879032	1771.167883
1.855991	1554.817518
1.773041	1410.583942
1.565668	1432.773723
1.455069	1604.744526
1.514977	1748.978102
1.722350	1782.262774
1.786866	1671.313869
1.620968	1593.649635
1.602535	1743.430657
1.630184	1638.029197
1.528802	1577.007299
1.703917	1610.291971
1.667051	1466.058394
1.842166	1493.795620
1.846774	1360.656934
1.722350	1355.109489
1.906682	1410.583942
1.920507	1510.437956
1.920507	1682.408759
1.883641	1848.832117
1.634793	1787.810219
0.464286	1732.335766
0.326037	1898.759124
0.279954	1904.306569
0.132488	1837.737226
0.086406	1604.744526
0.100230	1427.226277
0.344470	1321.824818
0.399770	1676.861314
0.206221	1737.883212
0.233871	1421.678832
0.408986	1577.007299
0.252304	1560.364964
0.160138	1610.291971
0.330645	1821.094891
0.519585	1815.547445
0.524194	1538.175182
0.395161	1366.204380
0.150922	1327.372263
0.408986	1305.182482
0.561060	1621.386861
0.344470	1909.854015
0.187788	1843.284672
0.252304	1504.890511
0.468894	1438.321168
0.192396	1543.722628
0.243088	1793.357664
0.252304	1593.649635
0.307604	1737.883212
0.266129	1621.386861
0.339862	1504.890511
0.759217	889.124088
0.754608	778.175182
0.975806	883.576642
1.003456	783.722628
1.072581	595.109489
0.975806	511.897810
0.902074	811.459854
0.874424	878.029197
0.653226	817.007299
0.717742	711.605839
0.593318	600.656934
0.565668	839.197080
0.588710	789.270073
0.602535	722.700730
0.616359	672.773723
0.713134	600.656934
0.911290	456.423358
0.998848	450.875912
1.091014	561.824818
1.132488	622.846715
1.150922	761.532847
1.146313	866.934307
1.104839	955.693431
1.104839	983.430657
1.031106	1077.737226
1.081797	1183.138686
0.989631	1233.065693
0.966590	1288.540146
0.888249	1321.824818
0.823733	1321.824818
0.703917	1338.467153
0.584101	1255.255474
0.584101	1144.306569
0.528802	1111.021898
0.538018	1266.350365
0.754608	1443.868613
0.948157	1471.605839
1.012673	1427.226277
1.049539	1305.182482
0.998848	1377.299270
1.201613	1260.802920
1.118664	1094.379562
1.003456	778.175182
0.902074	761.532847
0.892857	905.766423
1.164747	611.751825
0.777650	783.722628
0.754608	639.489051
1.044931	539.635036
0.915899	301.094891
1.091014	423.138686
1.054147	362.116788
0.851382	278.905109
0.957373	323.284672
1.040323	228.978102
1.026498	500.802920
0.680876	167.956204
0.547235	767.080292
0.459677	878.029197
0.570276	789.270073
0.510369	811.459854
0.399770	805.912409
0.524194	872.481752
0.514977	722.700730
0.713134	611.751825
0.588710	1105.474453
0.445853	1133.211679
0.367512	1072.189781
0.335253	1111.021898
0.335253	1260.802920
0.192396	839.197080
0.381336	406.496350
0.187788	256.715328
0.349078	184.598540
0.137097	173.503650
0.284562	167.956204
1.584101	351.021898
1.726959	633.941606
1.902074	611.751825
1.934332	412.043796
1.694700	256.715328
1.648618	522.992701
1.584101	389.854015
1.584101	206.788321
1.574885	184.598540
1.602535	517.445255
1.667051	633.941606
1.943548	650.583942
2.003456	467.518248
1.948157	706.058394
1.796083	706.058394
1.653226	694.963504
1.524194	595.109489
1.524194	384.306569
1.528802	212.335766
1.201613	1299.635036
1.086406	1421.678832
0.980415	1432.773723
0.842166	1466.058394
0.667051	1393.941606
0.597926	1344.014599
0.570276	1321.824818
0.496544	1210.875912
0.482719	1144.306569
0.478111	1005.620438
0.478111	911.313869
0.478111	833.649635
0.478111	789.270073
0.533410	589.562044
0.584101	700.510949
0.542627	833.649635
0.542627	994.525547
0.611751	1221.970803
0.644009	1249.708029
0.777650	1349.562044
0.888249	1360.656934
1.021889	1360.656934
1.150922	1360.656934
1.197005	1360.656934
1.118664	1399.489051
1.067972	1421.678832
1.008065	1466.058394
0.897465	1466.058394
0.809908	1438.321168
0.717742	1427.226277
0.892857	1421.678832
0.902074	1416.131387
0.648618	1388.394161
0.588710	1327.372263
0.662442	1316.277372
0.556452	1210.875912
0.524194	1122.116788
0.441244	922.408759
0.473502	755.985401
0.501152	606.204380
0.538018	545.182482
0.533410	839.197080
0.459677	650.583942
1.279954	1288.540146
1.289171	1305.182482
1.302995	1327.372263
1.316820	1355.109489
1.335253	1371.751825
1.362903	1393.941606
1.008065	1882.116788